2
18
3
1
3
4
4
4
40 300 160 300
240 300 320 300
360 260 360 180
360 340 360 420
400 140 480 140
560 140 640 140
720 140 800 140
880 140 960 140
400 300 480 300
560 300 640 300
720 300 800 300
880 300 960 300
400 460 480 460
560 460 640 460
720 460 800 460
880 460 960 460
520 500 520 620
520 620 640 620
720 620 800 620
880 620 960 620
1000 140 0
1000 460 0
1000 620 0
1000 300 0
360 300 0
520 140 0
520 460 0
200 300 0
360 140 0
360 460 0
520 300 0
840 140 0
840 300 0
840 460 0
840 620 0
680 140 0
680 300 0
680 460 0
680 620 0
